Start probabilities:
a : 0.106
c : 0.042
b : 0.049
e : 0.030
d : 0.029
g : 0.017
f : 0.036
i : 0.081
h : 0.036
k : 0.003
j : 0.002
m : 0.040
l : 0.023
o : 0.079
n : 0.026
q : 0.001
p : 0.053
s : 0.075
r : 0.026
u : 0.010
t : 0.174
w : 0.054
v : 0.005
y : 0.003
x : 0.000
z : 0.000

Transition probabilities:
  a c b e d g f i h k j m l o n q p s r u t w v y x z
a : 0.000 0.041 0.025 0.000 0.030 0.022 0.004 0.029 0.001 0.021 0.002 0.021 0.145 0.000 0.208 0.000 0.019 0.070 0.095 0.018 0.179 0.003 0.036 0.027 0.001 0.001
c : 0.168 0.016 0.000 0.146 0.000 0.000 0.000 0.140 0.165 0.013 0.000 0.000 0.023 0.151 0.000 0.003 0.000 0.003 0.034 0.031 0.099 0.000 0.000 0.005 0.000 0.000
b : 0.037 0.001 0.002 0.408 0.000 0.000 0.001 0.038 0.000 0.000 0.010 0.001 0.147 0.064 0.002 0.000 0.000 0.008 0.038 0.130 0.008 0.000 0.004 0.095 0.000 0.000
e : 0.054 0.066 0.001 0.040 0.084 0.009 0.029 0.021 0.006 0.001 0.000 0.054 0.045 0.021 0.130 0.006 0.014 0.130 0.158 0.001 0.047 0.006 0.036 0.020 0.021 0.000
d : 0.041 0.001 0.000 0.340 0.009 0.005 0.001 0.188 0.001 0.000 0.004 0.002 0.009 0.140 0.005 0.000 0.001 0.063 0.036 0.107 0.000 0.003 0.027 0.017 0.000 0.000
g : 0.105 0.000 0.000 0.198 0.000 0.017 0.000 0.135 0.109 0.000 0.000 0.005 0.017 0.100 0.022 0.000 0.000 0.041 0.123 0.035 0.002 0.000 0.000 0.083 0.000 0.000
f : 0.068 0.003 0.000 0.117 0.000 0.001 0.095 0.132 0.000 0.000 0.000 0.000 0.020 0.273 0.000 0.000 0.000 0.003 0.107 0.060 0.093 0.000 0.000 0.023 0.000 0.000
i : 0.035 0.077 0.007 0.064 0.030 0.016 0.027 0.000 0.000 0.005 0.000 0.032 0.047 0.084 0.223 0.003 0.005 0.135 0.032 0.000 0.121 0.000 0.046 0.000 0.000 0.010
h : 0.220 0.000 0.001 0.464 0.000 0.000 0.000 0.104 0.000 0.000 0.000 0.001 0.003 0.081 0.042 0.000 0.000 0.004 0.017 0.036 0.014 0.000 0.000 0.010 0.000 0.000
k : 0.007 0.002 0.002 0.498 0.043 0.002 0.002 0.249 0.002 0.002 0.002 0.002 0.013 0.009 0.070 0.002 0.002 0.067 0.002 0.004 0.002 0.002 0.002 0.004 0.002 0.002
j : 0.045 0.007 0.007 0.179 0.007 0.007 0.007 0.007 0.007 0.007 0.007 0.007 0.007 0.291 0.007 0.007 0.007 0.007 0.007 0.321 0.007 0.007 0.007 0.007 0.007 0.007
m : 0.258 0.000 0.012 0.236 0.000 0.000 0.001 0.092 0.000 0.001 0.000 0.022 0.001 0.172 0.002 0.000 0.097 0.051 0.000 0.038 0.000 0.000 0.001 0.013 0.000 0.000
l : 0.068 0.001 0.000 0.223 0.069 0.000 0.018 0.119 0.000 0.003 0.000 0.007 0.141 0.111 0.001 0.000 0.003 0.032 0.004 0.033 0.023 0.002 0.016 0.126 0.000 0.000
o : 0.009 0.044 0.015 0.006 0.024 0.038 0.105 0.009 0.001 0.002 0.000 0.061 0.070 0.013 0.183 0.000 0.038 0.034 0.150 0.083 0.048 0.043 0.019 0.004 0.001 0.000
n : 0.045 0.057 0.000 0.119 0.166 0.134 0.012 0.050 0.002 0.005 0.000 0.010 0.019 0.103 0.009 0.001 0.001 0.067 0.000 0.006 0.155 0.001 0.010 0.026 0.001 0.000
q : 0.006 0.006 0.006 0.006 0.006 0.006 0.006 0.006 0.006 0.006 0.006 0.006 0.006 0.006 0.006 0.006 0.006 0.006 0.006 0.855 0.006 0.006 0.006 0.006 0.006 0.006
p : 0.076 0.000 0.000 0.184 0.000 0.000 0.001 0.022 0.037 0.000 0.000 0.007 0.134 0.171 0.000 0.000 0.051 0.034 0.193 0.051 0.032 0.000 0.000 0.004 0.000 0.000
s : 0.035 0.026 0.001 0.183 0.000 0.000 0.013 0.092 0.024 0.005 0.000 0.025 0.005 0.125 0.004 0.000 0.021 0.093 0.004 0.072 0.219 0.001 0.000 0.050 0.000 0.000
r : 0.098 0.012 0.002 0.315 0.019 0.024 0.005 0.117 0.001 0.014 0.000 0.024 0.014 0.137 0.026 0.000 0.006 0.044 0.017 0.024 0.056 0.003 0.011 0.032 0.000 0.000
u : 0.041 0.055 0.015 0.043 0.015 0.043 0.011 0.031 0.000 0.000 0.000 0.054 0.119 0.001 0.076 0.000 0.038 0.171 0.127 0.000 0.156 0.000 0.000 0.001 0.001 0.000
t : 0.045 0.003 0.000 0.131 0.000 0.000 0.001 0.162 0.360 0.000 0.000 0.001 0.009 0.115 0.001 0.000 0.000 0.040 0.049 0.022 0.015 0.004 0.000 0.041 0.000 0.000
w : 0.101 0.000 0.000 0.249 0.005 0.000 0.000 0.236 0.184 0.000 0.000 0.000 0.003 0.148 0.050 0.000 0.000 0.008 0.006 0.000 0.004 0.000 0.000 0.000 0.000 0.000
v : 0.075 0.001 0.001 0.609 0.001 0.001 0.001 0.219 0.001 0.001 0.001 0.001 0.001 0.082 0.001 0.001 0.001 0.003 0.001 0.001 0.001 0.001 0.001 0.002 0.001 0.001
y : 0.017 0.108 0.020 0.077 0.002 0.003 0.002 0.043 0.002 0.002 0.002 0.025 0.015 0.129 0.005 0.002 0.063 0.439 0.002 0.002 0.029 0.006 0.002 0.002 0.002 0.003
x : 0.198 0.073 0.004 0.095 0.004 0.004 0.004 0.132 0.011 0.004 0.004 0.004 0.004 0.004 0.004 0.004 0.187 0.004 0.004 0.037 0.201 0.004 0.004 0.004 0.004 0.004
z : 0.387 0.007 0.007 0.380 0.007 0.007 0.007 0.067 0.007 0.007 0.007 0.007 0.007 0.013 0.007 0.007 0.007 0.007 0.007 0.007 0.007 0.007 0.007 0.013 0.007 0.007

Output probabilities:
  a b c d e f g h i j k l m n o p q r s t u v w x y z
a : 0.898 0.000 0.000 0.000 0.000 0.000 0.000 0.000 0.000 0.000 0.000 0.000 0.000 0.000 0.000 0.000 0.033 0.000 0.033 0.000 0.000 0.000 0.000 0.000 0.000 0.034
c : 0.000 0.000 0.899 0.024 0.000 0.025 0.000 0.000 0.000 0.000 0.000 0.000 0.000 0.000 0.000 0.000 0.000 0.000 0.000 0.000 0.000 0.023 0.000 0.025 0.000 0.000
b : 0.000 0.880 0.000 0.000 0.000 0.000 0.021 0.035 0.000 0.000 0.000 0.000 0.000 0.021 0.000 0.000 0.000 0.000 0.000 0.000 0.000 0.033 0.000 0.000 0.000 0.000
e : 0.000 0.000 0.000 0.034 0.898 0.000 0.000 0.000 0.000 0.000 0.000 0.000 0.000 0.000 0.000 0.000 0.000 0.034 0.000 0.000 0.000 0.000 0.032 0.000 0.000 0.000
d : 0.000 0.000 0.017 0.892 0.021 0.025 0.000 0.000 0.000 0.000 0.000 0.000 0.000 0.000 0.000 0.000 0.000 0.000 0.022 0.000 0.000 0.000 0.000 0.018 0.000 0.000
g : 0.000 0.016 0.000 0.000 0.000 0.020 0.903 0.016 0.000 0.000 0.000 0.000 0.000 0.000 0.000 0.000 0.000 0.000 0.000 0.020 0.000 0.018 0.000 0.000 0.000 0.000
f : 0.000 0.000 0.019 0.014 0.000 0.886 0.016 0.000 0.000 0.000 0.000 0.000 0.000 0.000 0.000 0.000 0.000 0.021 0.000 0.019 0.000 0.020 0.000 0.000 0.000 0.000
i : 0.000 0.000 0.000 0.000 0.000 0.000 0.000 0.000 0.896 0.027 0.025 0.000 0.000 0.000 0.025 0.000 0.000 0.000 0.000 0.000 0.025 0.000 0.000 0.000 0.000 0.000
h : 0.000 0.019 0.000 0.000 0.000 0.000 0.018 0.901 0.000 0.021 0.000 0.000 0.000 0.019 0.000 0.000 0.000 0.000 0.000 0.000 0.000 0.000 0.000 0.000 0.018 0.000
k : 0.002 0.002 0.002 0.002 0.002 0.002 0.002 0.002 0.032 0.028 0.864 0.018 0.024 0.002 0.002 0.002 0.002 0.002 0.002 0.002 0.002 0.002 0.002 0.002 0.002 0.002
j : 0.007 0.007 0.007 0.007 0.007 0.007 0.007 0.022 0.007 0.739 0.015 0.007 0.037 0.007 0.007 0.007 0.007 0.007 0.007 0.007 0.030 0.007 0.007 0.007 0.007 0.007
m : 0.000 0.000 0.000 0.000 0.000 0.000 0.000 0.000 0.000 0.028 0.038 0.000 0.893 0.035 0.000 0.000 0.000 0.000 0.000 0.000 0.000 0.000 0.000 0.000 0.000 0.000
l : 0.000 0.000 0.000 0.000 0.000 0.000 0.000 0.000 0.000 0.000 0.033 0.898 0.000 0.000 0.029 0.036 0.000 0.000 0.000 0.000 0.000 0.000 0.000 0.000 0.000 0.000
o : 0.000 0.000 0.000 0.000 0.000 0.000 0.000 0.000 0.025 0.000 0.025 0.026 0.000 0.000 0.896 0.025 0.000 0.000 0.000 0.000 0.000 0.000 0.000 0.000 0.000 0.000
n : 0.000 0.024 0.000 0.000 0.000 0.000 0.000 0.024 0.000 0.025 0.000 0.000 0.028 0.898 0.000 0.000 0.000 0.000 0.000 0.000 0.000 0.000 0.000 0.000 0.000 0.000
q : 0.051 0.006 0.006 0.006 0.006 0.006 0.006 0.006 0.006 0.006 0.006 0.006 0.006 0.006 0.006 0.006 0.773 0.006 0.006 0.006 0.006 0.006 0.045 0.006 0.006 0.006
p : 0.000 0.000 0.000 0.000 0.000 0.000 0.000 0.000 0.000 0.000 0.000 0.049 0.000 0.000 0.051 0.893 0.000 0.000 0.000 0.000 0.000 0.000 0.000 0.000 0.000 0.000
s : 0.020 0.000 0.000 0.020 0.000 0.000 0.000 0.000 0.000 0.000 0.000 0.000 0.000 0.000 0.000 0.000 0.000 0.000 0.900 0.000 0.000 0.000 0.020 0.020 0.000 0.019
r : 0.000 0.000 0.000 0.026 0.025 0.026 0.000 0.000 0.000 0.000 0.000 0.000 0.000 0.000 0.000 0.000 0.000 0.897 0.000 0.025 0.000 0.000 0.000 0.000 0.000 0.000
u : 0.000 0.000 0.000 0.000 0.000 0.000 0.000 0.023 0.025 0.025 0.000 0.000 0.000 0.000 0.000 0.000 0.000 0.000 0.000 0.000 0.894 0.000 0.000 0.000 0.028 0.000
t : 0.000 0.000 0.000 0.000 0.000 0.023 0.024 0.000 0.000 0.000 0.000 0.000 0.000 0.000 0.000 0.000 0.000 0.024 0.000 0.902 0.000 0.000 0.000 0.000 0.026 0.000
w : 0.028 0.000 0.000 0.000 0.029 0.000 0.000 0.000 0.000 0.000 0.000 0.000 0.000 0.000 0.000 0.000 0.023 0.000 0.024 0.000 0.000 0.000 0.887 0.000 0.000 0.000
v : 0.001 0.021 0.018 0.001 0.001 0.026 0.024 0.001 0.001 0.001 0.001 0.001 0.001 0.001 0.001 0.001 0.001 0.001 0.001 0.001 0.001 0.901 0.001 0.001 0.001 0.001
y : 0.000 0.000 0.000 0.000 0.000 0.000 0.027 0.025 0.000 0.000 0.000 0.000 0.000 0.000 0.000 0.000 0.000 0.000 0.000 0.026 0.024 0.000 0.000 0.000 0.892 0.000
x : 0.003 0.003 0.033 0.030 0.003 0.003 0.003 0.003 0.003 0.003 0.003 0.003 0.003 0.003 0.003 0.003 0.003 0.003 0.027 0.003 0.003 0.003 0.003 0.820 0.003 0.020
z : 0.033 0.007 0.007 0.007 0.007 0.007 0.007 0.007 0.007 0.007 0.007 0.007 0.007 0.007 0.007 0.007 0.007 0.007 0.053 0.007 0.007 0.007 0.007 0.033 0.007 0.733

Most likely sequence #0:
input calc  output
t   t   t
h   h   h
e   e   e
Errors: 0 / 3 = 0.0

Most likely sequence #1:
input calc  output
l   l   l
e   e   e
f   f   f
t   t   t
i   i   i
s   s   s
t   t   t
Errors: 0 / 7 = 0.0

Most likely sequence #2:
input calc  output
i   i   i
s   s   s
Errors: 0 / 2 = 0.0

Most likely sequence #3:
input calc  output
t   t   t
o   o   o
o   o   o
Errors: 0 / 3 = 0.0

********************************
There are too many sequences to display... Calculating
Run with '-v' to see all outputs
********************************

The overall percent correct is 0.935%
